$GPVTG,,,,,,,,,N*30
$GPGGA,162403.00,,,,,0,03,23.71,,,,,,*60
$GPGSA,A,1,19,22,18,,,,,,,,,,23.73,23.71,1.00*02
$GPGSV,1,1,04,06,,,29,18,59,055,33,19,33,295,38,22,71,325,31*48
$GPGLL,,,,,162403.00,V,N*48
$GPRMC,162404.00,V,,,,,,,160313,,,N*7E
$GPVTG,,,,,,,,,N*30
$GPGGA,162404.00,,,,,0,04,2.61,,,,,,*52
$GPGSA,A,1,06,19,22,18,,,,,,,,,5.51,2.61,4.85*0A
$GPGSV,1,1,04,06,35,244,30,18,59,055,33,19,33,295,38,22,71,325,31*74
$GPGLL,,,,,162404.00,V,N*4F
,18,59,055,33,19,33,295,38,22,71,325,31*74
$GPGLL,4014.84907,N,11138.89779,W,162405.00,A,A*7E
,18,59,055,33,19,33,295,39,22,71,325,31*75
$GPGLL,4014.84936,N,11138.89773,W,162406.00,A,A*75
,18,59,055,34,19,33,295,39,22,71,325,31*72
$GPGLL,4014.84982,N,11138.89770,W,162407.00,A,A*78
06,35,244,30,18,59,055,34,19,33,295,39,22,71,325,31*72
$GPGLL,4014.84954,N,11138.89767,W,162408.00,A,A*7A
06,35,244,30,18,59,055,34,19,33,295,39,22,71,325,31*72
$GPGLL,4014.84944,N,11138.89764,W,162409.00,A,A*79
,18,59,055,34,19,33,295,40,22,71,325,31*7C
$GPGLL,4014.84916,N,11138.89754,W,162410.00,A,A*75
,18,59,055,34,19,33,295,40,22,71,325,31*7C
$GPGLL,4014.84889,N,11138.89748,W,162411.00,A,A*7E
,18,59,055,34,19,33,295,40,22,71,325,31*7C
$GPGLL,4014.84864,N,11138.89747,W,162412.00,A,A*71
,18,59,056,34,19,33,295,41,22,71,325,31*7E
$GPGLL,4014.84832,N,11138.89743,W,162413.00,A,A*77
,18,59,056,34,19,33,295,41,22,71,325,31*76
$GPGLL,4014.84794,N,11138.89742,W,162414.00,A,A*72
,18,59,056,34,19,33,295,41,22,71,325,31*76
$GPGLL,4014.84763,N,11138.89746,W,162415.00,A,A*7F
06,35,244,28,18,59,056,34,19,33,295,41,22,71,325,31*75
$GPGSV,2,2,05,24,27,070,*48
06,35,244,28,18,59,056,34,19,33,295,41,22,71,325,31*75
$GPGSV,2,2,05,24,27,070,25*4F
,18,59,056,34,19,33,295,41,22,71,325,31*7A
$GPGSV,2,2,05,24,27,070,24*4E
,18,59,056,29,19,33,295,38,22,71,325,26*7F
$GPGSV,2,2,05,24,27,070,22*48
,18,59,056,19,19,33,295,30,22,71,325,34*77
$GPGSV,2,2,05,24,27,070,22*48
,18,59,056,28,19,33,295,31,22,71,325,29*7E
$GPGSV,2,2,05,24,27,070,23*49
,18,59,056,28,19,33,295,28,22,71,325,29*74
$GPGSV,2,2,05,24,27,070,29*43
5,244,29,18,59,056,27,19,33,295,33*47
$GPGSV,2,2,06,22,71,325,31,24,27,070,24*7D
5,244,30,18,59,056,26,19,33,295,33*4F
$GPGSV,2,2,06,22,71,325,31,24,27,070,21*78
5,244,30,18,59,056,24,19,33,295,35*49
$GPGSV,2,2,06,22,71,325,23,24,27,070,22*78

